*************************************************
******************* ORCA 6.1.0 ******************
*************************************************
$Calculation_Status
   &GeometryIndex 1
   &version [&Type "String"] "6.1.0"
   &progName [&Type "String"] "ProgMDCI"
   &Status [&Type "String"] "Running"
$End
$Geometry
   &GeometryIndex 1
   &NAtoms [&Type "Integer"] 24
   &NCorelessECP [&Type "Integer"] 0
   &NGhostAtoms [&Type "Integer"] 0
   &CartesianCoordinates [&Type "Coordinates", &Dim(24,4), &Units "Bohr"] 
              C      2.639947409088    0.000000000000   -3.401507041058
              C      1.319973704544    2.286261522651   -3.401507041058
              C     -1.319973704544    2.286261522651   -3.401507041058
              C     -2.639947409088    0.000000000000   -3.401507041058
              C     -1.319973704544   -2.286261522651   -3.401507041058
              C      1.319973704544   -2.286261522651   -3.401507041058
              H      4.699748895062    0.000000000000   -3.401507041058
              H      2.349874447531    4.070101936021   -3.401507041058
              H     -2.349874447531    4.070101936021   -3.401507041058
              H     -4.699748895062    0.000000000000   -3.401507041058
              H     -2.349874447531   -4.070101936021   -3.401507041058
              H      2.349874447531   -4.070101936021   -3.401507041058
              C      2.639947409088    0.000000000000    3.401507041058
              C      1.319973704544    2.286261522651    3.401507041058
              C     -1.319973704544    2.286261522651    3.401507041058
              C     -2.639947409088    0.000000000000    3.401507041058
              C     -1.319973704544   -2.286261522651    3.401507041058
              C      1.319973704544   -2.286261522651    3.401507041058
              H      4.699748895062    0.000000000000    3.401507041058
              H      2.349874447531    4.070101936021    3.401507041058
              H     -2.349874447531    4.070101936021    3.401507041058
              H     -4.699748895062    0.000000000000    3.401507041058
              H     -2.349874447531   -4.070101936021    3.401507041058
              H      2.349874447531   -4.070101936021    3.401507041058
$End
$SCF_Mulliken_Population_Analysis
   &GeometryIndex 1
   &NAtoms [&Type "Integer"] 24
   &ATNO [&Type "ArrayOfIntegers", &Dim (24,1)] 
                                                         0

0                                                        6
1                                                        6
2                                                        6
3                                                        6
4                                                        6
5                                                        6
6                                                        1
7                                                        1
8                                                        1
9                                                        1
10                                                       1
11                                                       1
12                                                       6
13                                                       6
14                                                       6
15                                                       6
16                                                       6
17                                                       6
18                                                       1
19                                                       1
20                                                       1
21                                                       1
22                                                       1
23                                                       1
   &AtomicCharges [&Type "ArrayOfDoubles", &Dim (24,1)] 
                                                         0

0                                     -3.4263133176941096e-01
1                                     -3.4275593356511536e-01
2                                     -3.4277609080251015e-01
3                                     -3.4262298347842446e-01
4                                     -3.4276416563610734e-01
5                                     -3.4276314715699474e-01
6                                      3.4289708997859469e-01
7                                      3.4266201067908220e-01
8                                      3.4260505822040921e-01
9                                      3.4289544609203815e-01
10                                     3.4264178699853987e-01
11                                     3.4261269317401122e-01
12                                    -3.4266192953916796e-01
13                                    -3.4273148500178152e-01
14                                    -3.4274843261122001e-01
15                                    -3.4265285918706034e-01
16                                    -3.4274068875055264e-01
17                                    -3.4273623078008253e-01
18                                     3.4286700849256024e-01
19                                     3.4262823935353559e-01
20                                     3.4263897956765144e-01
21                                     3.4288119469290967e-01
22                                     3.4262495918899694e-01
23                                     3.4263081183931998e-01
   &Method [&Type "String"] "SCF"
   &Level [&Type "String"] "Relaxed density"
   &Mult [&Type "Integer"] 1
   &State [&Type "Integer"] -1
   &Irrep [&Type "Integer"] 0
$End
$SCF_Loewdin_Population_Analysis
   &GeometryIndex 1
   &NAtoms [&Type "Integer"] 24
   &ATNO [&Type "ArrayOfIntegers", &Dim (24,1)] 
                                                         0

0                                                        6
1                                                        6
2                                                        6
3                                                        6
4                                                        6
5                                                        6
6                                                        1
7                                                        1
8                                                        1
9                                                        1
10                                                       1
11                                                       1
12                                                       6
13                                                       6
14                                                       6
15                                                       6
16                                                       6
17                                                       6
18                                                       1
19                                                       1
20                                                       1
21                                                       1
22                                                       1
23                                                       1
   &AtomicCharges [&Type "ArrayOfDoubles", &Dim (24,1)] 
                                                         0

0                                      1.7764387333307852e-01
1                                      1.7764385296495089e-01
2                                      1.7764384716363502e-01
3                                      1.7764386983180280e-01
4                                      1.7764384903469832e-01
5                                      1.7764384985009229e-01
6                                     -1.7764380421056081e-01
7                                     -1.7764387593751874e-01
8                                     -1.7764389045489870e-01
9                                     -1.7764380346510866e-01
10                                    -1.7764387987379604e-01
11                                    -1.7764388784615992e-01
12                                     1.7764386826635459e-01
13                                     1.7764384399120203e-01
14                                     1.7764384174283521e-01
15                                     1.7764387576901353e-01
16                                     1.7764384300121883e-01
17                                     1.7764384241417375e-01
18                                    -1.7764380521796785e-01
19                                    -1.7764387631008938e-01
20                                    -1.7764387480906030e-01
21                                    -1.7764380136420943e-01
22                                    -1.7764388136883058e-01
23                                    -1.7764387650559876e-01
   &Method [&Type "String"] "SCF"
   &Level [&Type "String"] "Relaxed density"
   &Mult [&Type "Integer"] 1
   &State [&Type "Integer"] -1
   &Irrep [&Type "Integer"] 0
$End
$SCF_Mayer_Population_Analysis
   &GeometryIndex 1
   &NAtoms [&Type "Integer"] 24 "Total number of atoms"
   &NBondOrdersPrint [&Type "Integer"] 30 "The number of bond orders larger than threshold"
   &bondThresh [&Type "Double"]       1.0000000000000001e-01  "The threshold for printing"
   &components [&Type "ArrayOfIntegers", &Dim (30,4)] "The indices and atomic numbers of the bonding atoms"
                                                         0                           1                           2                           3

0                                                        0                           6                           1                           6
1                                                        0                           6                           3                           6
2                                                        0                           6                           5                           6
3                                                        0                           6                           6                           1
4                                                        1                           6                           2                           6
5                                                        1                           6                           4                           6
6                                                        1                           6                           7                           1
7                                                        2                           6                           3                           6
8                                                        2                           6                           5                           6
9                                                        2                           6                           8                           1
10                                                       3                           6                           4                           6
11                                                       3                           6                           9                           1
12                                                       4                           6                           5                           6
13                                                       4                           6                          10                           1
14                                                       5                           6                          11                           1
15                                                      12                           6                          13                           6
16                                                      12                           6                          15                           6
17                                                      12                           6                          17                           6
18                                                      12                           6                          18                           1
19                                                      13                           6                          14                           6
20                                                      13                           6                          16                           6
21                                                      13                           6                          19                           1
22                                                      14                           6                          15                           6
23                                                      14                           6                          17                           6
24                                                      14                           6                          20                           1
25                                                      15                           6                          16                           6
26                                                      15                           6                          21                           1
27                                                      16                           6                          17                           6
28                                                      16                           6                          22                           1
29                                                      17                           6                          23                           1
   &BondOrders [&Type "ArrayOfDoubles", &Dim (30,1)] "The bond orders"
                                                         0

0                                      1.2289143506814892e+00
1                                      1.5571398598758540e-01
2                                      1.2289014090184975e+00
3                                      9.9822778002734058e-01
4                                      1.2288515468159127e+00
5                                      1.5571430987559387e-01
6                                      9.9855607147499315e-01
7                                      1.2289057628578419e+00
8                                      1.5570570644248263e-01
9                                      9.9863236383450793e-01
10                                     1.2289138164413873e+00
11                                     9.9822980944581974e-01
12                                     1.2288495293494772e+00
13                                     9.9857977478325877e-01
14                                     9.9862075140169881e-01
15                                     1.2288959602941099e+00
16                                     1.5570810154083459e-01
17                                     1.2289087149071827e+00
18                                     9.9827921722537116e-01
19                                     1.2288429629655120e+00
20                                     1.5571673733071353e-01
21                                     9.9860054008366095e-01
22                                     1.2289148180496730e+00
23                                     1.5572093970800013e-01
24                                     9.9859830005272632e-01
25                                     1.2289023850970455e+00
26                                     9.9825456778754007e-01
27                                     1.2288402930054714e+00
28                                     9.9860741031379852e-01
29                                     9.9860723880567404e-01
   &ATNO [&Type "ArrayOfIntegers", &Dim (24,1)] "Atomic number of the elements"
                                                         0

0                                                        6
1                                                        6
2                                                        6
3                                                        6
4                                                        6
5                                                        6
6                                                        1
7                                                        1
8                                                        1
9                                                        1
10                                                       1
11                                                       1
12                                                       6
13                                                       6
14                                                       6
15                                                       6
16                                                       6
17                                                       6
18                                                       1
19                                                       1
20                                                       1
21                                                       1
22                                                       1
23                                                       1
   &NA [&Type "ArrayOfDoubles", &Dim (24,1)] "Mulliken gross atomic population"
                                                         0

0                                      6.3426313317694083e+00
1                                      6.3427559335651136e+00
2                                      6.3427760908025164e+00
3                                      6.3426229834784316e+00
4                                      6.3427641656360976e+00
5                                      6.3427631471569903e+00
6                                      6.5710291002140564e-01
7                                      6.5733798932091880e-01
8                                      6.5739494177959068e-01
9                                      6.5710455390796263e-01
10                                     6.5735821300146058e-01
11                                     6.5738730682598889e-01
12                                     6.3426619295391689e+00
13                                     6.3427314850017789e+00
14                                     6.3427484326112182e+00
15                                     6.3426528591870586e+00
16                                     6.3427406887505526e+00
17                                     6.3427362307800781e+00
18                                     6.5713299150744064e-01
19                                     6.5737176064646474e-01
20                                     6.5736102043234845e-01
21                                     6.5711880530709010e-01
22                                     6.5737504081100384e-01
23                                     6.5736918816068002e-01
   &ZA [&Type "ArrayOfDoubles", &Dim (24,1)] "Total nuclear charge"
                                                         0

0                                      6.0000000000000000e+00
1                                      6.0000000000000000e+00
2                                      6.0000000000000000e+00
3                                      6.0000000000000000e+00
4                                      6.0000000000000000e+00
5                                      6.0000000000000000e+00
6                                      1.0000000000000000e+00
7                                      1.0000000000000000e+00
8                                      1.0000000000000000e+00
9                                      1.0000000000000000e+00
10                                     1.0000000000000000e+00
11                                     1.0000000000000000e+00
12                                     6.0000000000000000e+00
13                                     6.0000000000000000e+00
14                                     6.0000000000000000e+00
15                                     6.0000000000000000e+00
16                                     6.0000000000000000e+00
17                                     6.0000000000000000e+00
18                                     1.0000000000000000e+00
19                                     1.0000000000000000e+00
20                                     1.0000000000000000e+00
21                                     1.0000000000000000e+00
22                                     1.0000000000000000e+00
23                                     1.0000000000000000e+00
   &QA [&Type "ArrayOfDoubles", &Dim (24,1)] "Mulliken gross atomic charge"
                                                         0

0                                     -3.4263133176940830e-01
1                                     -3.4275593356511358e-01
2                                     -3.4277609080251636e-01
3                                     -3.4262298347843156e-01
4                                     -3.4276416563609757e-01
5                                     -3.4276314715699030e-01
6                                      3.4289708997859436e-01
7                                      3.4266201067908120e-01
8                                      3.4260505822040932e-01
9                                      3.4289544609203737e-01
10                                     3.4264178699853942e-01
11                                     3.4261269317401111e-01
12                                    -3.4266192953916885e-01
13                                    -3.4273148500177886e-01
14                                    -3.4274843261121823e-01
15                                    -3.4265285918705857e-01
16                                    -3.4274068875055264e-01
17                                    -3.4273623078007809e-01
18                                     3.4286700849255936e-01
19                                     3.4262823935353526e-01
20                                     3.4263897956765155e-01
21                                     3.4288119469290990e-01
22                                     3.4262495918899616e-01
23                                     3.4263081183931998e-01
   &VA [&Type "ArrayOfDoubles", &Dim (24,1)] "Mayer's total valence"
                                                         0

0                                      3.6850933187509476e+00
1                                      3.6853787733722010e+00
2                                      3.6854409981602521e+00
3                                      3.6850883596030428e+00
4                                      3.6854018645975710e+00
5                                      3.6854154525046194e+00
6                                      9.0779939773520790e-01
7                                      9.0806857504648120e-01
8                                      9.0812187599853644e-01
9                                      9.0778858769732673e-01
10                                     9.0808694787166111e-01
11                                     9.0810948161559379e-01
12                                     3.6851241956557166e+00
13                                     3.6853744063684335e+00
14                                     3.6853964638868515e+00
15                                     3.6851139536848727e+00
16                                     3.6853874390548409e+00
17                                     3.6853824808760383e+00
18                                     9.0783015904632869e-01
19                                     9.0807162505378480e-01
20                                     9.0808548408982792e-01
21                                     9.0781405421941097e-01
22                                     9.0807784966269878e-01
23                                     9.0808249667848351e-01
   &BVA [&Type "ArrayOfDoubles", &Dim (24,1)] "Mayer's bonded valence"
                                                         0

0                                      3.6850933187508108e+00
1                                      3.6853787733718484e+00
2                                      3.6854409981599145e+00
3                                      3.6850883596029194e+00
4                                      3.6854018645983144e+00
5                                      3.6854154525038840e+00
6                                      9.0779939773519014e-01
7                                      9.0806857504651872e-01
8                                      9.0812187599838468e-01
9                                      9.0778858769728465e-01
10                                     9.0808694787174282e-01
11                                     9.0810948161540606e-01
12                                     3.6851241956564307e+00
13                                     3.6853744063690295e+00
14                                     3.6853964638880976e+00
15                                     3.6851139536858497e+00
16                                     3.6853874390546402e+00
17                                     3.6853824808754725e+00
18                                     9.0783015904646591e-01
19                                     9.0807162505379857e-01
20                                     9.0808548408986434e-01
21                                     9.0781405421951167e-01
22                                     9.0807784966257055e-01
23                                     9.0808249667827856e-01
   &FA [&Type "ArrayOfDoubles", &Dim (24,1)] "Mayer's free valence"
                                                         0

0                                      0.0000000000000000e+00
1                                      0.0000000000000000e+00
2                                      0.0000000000000000e+00
3                                      0.0000000000000000e+00
4                                      0.0000000000000000e+00
5                                      0.0000000000000000e+00
6                                      0.0000000000000000e+00
7                                      0.0000000000000000e+00
8                                      0.0000000000000000e+00
9                                      0.0000000000000000e+00
10                                     0.0000000000000000e+00
11                                     0.0000000000000000e+00
12                                     0.0000000000000000e+00
13                                     0.0000000000000000e+00
14                                    -1.2461143228392757e-12
15                                     0.0000000000000000e+00
16                                     0.0000000000000000e+00
17                                     0.0000000000000000e+00
18                                     0.0000000000000000e+00
19                                     0.0000000000000000e+00
20                                     0.0000000000000000e+00
21                                     0.0000000000000000e+00
22                                     0.0000000000000000e+00
23                                     0.0000000000000000e+00
   &Method [&Type "String"] "SCF"
   &Level [&Type "String"] "Relaxed density"
   &Mult [&Type "Integer"] 1
   &State [&Type "Integer"] -1
   &Irrep [&Type "Integer"] 0
$End
$SCF_Energy
   &GeometryIndex 1
   &Method [&Type "String"] "SCF"
   &totalEnergy [&Type "ArrayOfDoubles", &Dim (1,1)] "Total energy of each state"
                                                         0

0                                     -4.6154957935253253e+02
   &Mult [&Type "ArrayOfIntegers", &Dim (1,1)] "Multiplicity of each state"
                                                         0

0                                                        1
$End
$SCF_Timings
   &GeometryIndex 1
   &TOTAL [&Type "Double"]       5.1611468200000002e+02
   &PREP [&Type "Double"]       4.2857209999999997e+00
   &FOCK [&Type "Double"]       4.7787728900000002e+02
   &DENS [&Type "Double"]       6.1758900000000949e-01
   &ETOT [&Type "Double"]       2.3731500000005923e-01
   &POP [&Type "Double"]       2.9859699999997247e-01
   &TRAFO [&Type "Double"]       6.7375500000001409e-01
   &DIIS [&Type "Double"]       2.7427900000000136e+00
   &SOSCF [&Type "Double"]       1.5785579999999371e+00
   &J [&Type "Double"]       5.0970670399999995e+02
   &FOCKSTART [&Type "Double"]       1.2949300000010844e-01
   &FROZCORE [&Type "Double"]       8.3697000000029220e-02
$End
