*************************************************
******************* ORCA 6.1.0 ******************
*************************************************
$Calculation_Status
   &GeometryIndex 1
   &version [&Type "String"] "6.1.0"
   &progName [&Type "String"] "ProgMDCI"
   &Status [&Type "String"] "Running"
$End
$Geometry
   &GeometryIndex 1
   &NAtoms [&Type "Integer"] 24
   &NCorelessECP [&Type "Integer"] 0
   &NGhostAtoms [&Type "Integer"] 0
   &CartesianCoordinates [&Type "Coordinates", &Dim(24,4), &Units "Bohr"] 
              C      2.639947409088    0.000000000000   -3.779452267843
              C      1.319973704544    2.286261522651   -3.779452267843
              C     -1.319973704544    2.286261522651   -3.779452267843
              C     -2.639947409088    0.000000000000   -3.779452267843
              C     -1.319973704544   -2.286261522651   -3.779452267843
              C      1.319973704544   -2.286261522651   -3.779452267843
              H      4.699748895062    0.000000000000   -3.779452267843
              H      2.349874447531    4.070101936021   -3.779452267843
              H     -2.349874447531    4.070101936021   -3.779452267843
              H     -4.699748895062    0.000000000000   -3.779452267843
              H     -2.349874447531   -4.070101936021   -3.779452267843
              H      2.349874447531   -4.070101936021   -3.779452267843
              C      2.639947409088    0.000000000000    3.779452267843
              C      1.319973704544    2.286261522651    3.779452267843
              C     -1.319973704544    2.286261522651    3.779452267843
              C     -2.639947409088    0.000000000000    3.779452267843
              C     -1.319973704544   -2.286261522651    3.779452267843
              C      1.319973704544   -2.286261522651    3.779452267843
              H      4.699748895062    0.000000000000    3.779452267843
              H      2.349874447531    4.070101936021    3.779452267843
              H     -2.349874447531    4.070101936021    3.779452267843
              H     -4.699748895062    0.000000000000    3.779452267843
              H     -2.349874447531   -4.070101936021    3.779452267843
              H      2.349874447531   -4.070101936021    3.779452267843
$End
$SCF_Mulliken_Population_Analysis
   &GeometryIndex 1
   &NAtoms [&Type "Integer"] 24
   &ATNO [&Type "ArrayOfIntegers", &Dim (24,1)] 
                                                         0

0                                                        6
1                                                        6
2                                                        6
3                                                        6
4                                                        6
5                                                        6
6                                                        1
7                                                        1
8                                                        1
9                                                        1
10                                                       1
11                                                       1
12                                                       6
13                                                       6
14                                                       6
15                                                       6
16                                                       6
17                                                       6
18                                                       1
19                                                       1
20                                                       1
21                                                       1
22                                                       1
23                                                       1
   &AtomicCharges [&Type "ArrayOfDoubles", &Dim (24,1)] 
                                                         0

0                                     -3.7286436633125142e-01
1                                     -3.7261147706685360e-01
2                                     -3.7259650031784819e-01
3                                     -3.7286737633151112e-01
4                                     -3.7261269036453726e-01
5                                     -3.7261194987328494e-01
6                                      3.7237925629680735e-01
7                                      3.7282538707907042e-01
8                                      3.7287420488432921e-01
9                                      3.7234873260162060e-01
10                                     3.7288752952453641e-01
11                                     3.7284931369931074e-01
12                                    -3.7285494127721730e-01
13                                    -3.7260634633584111e-01
14                                    -3.7260235753607507e-01
15                                    -3.7285603192480998e-01
16                                    -3.7261190603996841e-01
17                                    -3.7261204981627305e-01
18                                     3.7236824235277077e-01
19                                     3.7283947578002374e-01
20                                     3.7283162215911281e-01
21                                     3.7237472672393868e-01
22                                     3.7286513190809545e-01
23                                     3.7286437020403562e-01
   &Method [&Type "String"] "SCF"
   &Level [&Type "String"] "Relaxed density"
   &Mult [&Type "Integer"] 1
   &State [&Type "Integer"] -1
   &Irrep [&Type "Integer"] 0
$End
$SCF_Loewdin_Population_Analysis
   &GeometryIndex 1
   &NAtoms [&Type "Integer"] 24
   &ATNO [&Type "ArrayOfIntegers", &Dim (24,1)] 
                                                         0

0                                                        6
1                                                        6
2                                                        6
3                                                        6
4                                                        6
5                                                        6
6                                                        1
7                                                        1
8                                                        1
9                                                        1
10                                                       1
11                                                       1
12                                                       6
13                                                       6
14                                                       6
15                                                       6
16                                                       6
17                                                       6
18                                                       1
19                                                       1
20                                                       1
21                                                       1
22                                                       1
23                                                       1
   &AtomicCharges [&Type "ArrayOfDoubles", &Dim (24,1)] 
                                                         0

0                                      1.8079451986344530e-01
1                                      1.8079458555854178e-01
2                                      1.8079459105687423e-01
3                                      1.8079452177206790e-01
4                                      1.8079458719908725e-01
5                                      1.8079458940980153e-01
6                                     -1.8079463917231631e-01
7                                     -1.8079453683345026e-01
8                                     -1.8079452477814084e-01
9                                     -1.8079464564395664e-01
10                                    -1.8079452003028007e-01
11                                    -1.8079452838236332e-01
12                                     1.8079452461876500e-01
13                                     1.8079458724779585e-01
14                                     1.8079458731606923e-01
15                                     1.8079452352128467e-01
16                                     1.8079458842112039e-01
17                                     1.8079458849855534e-01
18                                    -1.8079464172442283e-01
19                                    -1.8079453345171448e-01
20                                    -1.8079453470639817e-01
21                                    -1.8079464026289083e-01
22                                    -1.8079452533305562e-01
23                                    -1.8079452416623543e-01
   &Method [&Type "String"] "SCF"
   &Level [&Type "String"] "Relaxed density"
   &Mult [&Type "Integer"] 1
   &State [&Type "Integer"] -1
   &Irrep [&Type "Integer"] 0
$End
$SCF_Mayer_Population_Analysis
   &GeometryIndex 1
   &NAtoms [&Type "Integer"] 24 "Total number of atoms"
   &NBondOrdersPrint [&Type "Integer"] 30 "The number of bond orders larger than threshold"
   &bondThresh [&Type "Double"]       1.0000000000000001e-01  "The threshold for printing"
   &components [&Type "ArrayOfIntegers", &Dim (30,4)] "The indices and atomic numbers of the bonding atoms"
                                                         0                           1                           2                           3

0                                                        0                           6                           1                           6
1                                                        0                           6                           3                           6
2                                                        0                           6                           5                           6
3                                                        0                           6                           6                           1
4                                                        1                           6                           2                           6
5                                                        1                           6                           4                           6
6                                                        1                           6                           7                           1
7                                                        2                           6                           3                           6
8                                                        2                           6                           5                           6
9                                                        2                           6                           8                           1
10                                                       3                           6                           4                           6
11                                                       3                           6                           9                           1
12                                                       4                           6                           5                           6
13                                                       4                           6                          10                           1
14                                                       5                           6                          11                           1
15                                                      12                           6                          13                           6
16                                                      12                           6                          15                           6
17                                                      12                           6                          17                           6
18                                                      12                           6                          18                           1
19                                                      13                           6                          14                           6
20                                                      13                           6                          16                           6
21                                                      13                           6                          19                           1
22                                                      14                           6                          15                           6
23                                                      14                           6                          17                           6
24                                                      14                           6                          20                           1
25                                                      15                           6                          16                           6
26                                                      15                           6                          21                           1
27                                                      16                           6                          17                           6
28                                                      16                           6                          22                           1
29                                                      17                           6                          23                           1
   &BondOrders [&Type "ArrayOfDoubles", &Dim (30,1)] "The bond orders"
                                                         0

0                                      1.2448698998102008e+00
1                                      1.0892169838683603e-01
2                                      1.2448774193029646e+00
3                                      9.4565736252186405e-01
4                                      1.2449742752043642e+00
5                                      1.0886483253327164e-01
6                                      9.4498815984075846e-01
7                                      1.2448702571970647e+00
8                                      1.0886867102648723e-01
9                                      9.4491635351399039e-01
10                                     1.2448753690506749e+00
11                                     9.4569943761449005e-01
12                                     1.2449874302804904e+00
13                                     9.4489843498887016e-01
14                                     9.4495426088385026e-01
15                                     1.2448526652552625e+00
16                                     1.0891579666877231e-01
17                                     1.2448632442446583e+00
18                                     9.4567414886526813e-01
19                                     1.2449550124127957e+00
20                                     1.0886963330617769e-01
21                                     9.4497877718771195e-01
22                                     1.2448566974529254e+00
23                                     1.0886864085067860e-01
24                                     9.4498808710404014e-01
25                                     1.2448698735575041e+00
26                                     9.4566223389283366e-01
27                                     1.2449794022792462e+00
28                                     9.4493485890382001e-01
29                                     9.4493618109728683e-01
   &ATNO [&Type "ArrayOfIntegers", &Dim (24,1)] "Atomic number of the elements"
                                                         0

0                                                        6
1                                                        6
2                                                        6
3                                                        6
4                                                        6
5                                                        6
6                                                        1
7                                                        1
8                                                        1
9                                                        1
10                                                       1
11                                                       1
12                                                       6
13                                                       6
14                                                       6
15                                                       6
16                                                       6
17                                                       6
18                                                       1
19                                                       1
20                                                       1
21                                                       1
22                                                       1
23                                                       1
   &NA [&Type "ArrayOfDoubles", &Dim (24,1)] "Mulliken gross atomic population"
                                                         0

0                                      6.3728643663312488e+00
1                                      6.3726114770668536e+00
2                                      6.3725965003178455e+00
3                                      6.3728673763315138e+00
4                                      6.3726126903645355e+00
5                                      6.3726119498732690e+00
6                                      6.2762074370319265e-01
7                                      6.2717461292093013e-01
8                                      6.2712579511567146e-01
9                                      6.2765126739837940e-01
10                                     6.2711247047546381e-01
11                                     6.2715068630068926e-01
12                                     6.3728549412772280e+00
13                                     6.3726063463358376e+00
14                                     6.3726023575360689e+00
15                                     6.3728560319248082e+00
16                                     6.3726119060399693e+00
17                                     6.3726120498162757e+00
18                                     6.2763175764722934e-01
19                                     6.2716052421997648e-01
20                                     6.2716837784088653e-01
21                                     6.2762527327606166e-01
22                                     6.2713486809190466e-01
23                                     6.2713562979596471e-01
   &ZA [&Type "ArrayOfDoubles", &Dim (24,1)] "Total nuclear charge"
                                                         0

0                                      6.0000000000000000e+00
1                                      6.0000000000000000e+00
2                                      6.0000000000000000e+00
3                                      6.0000000000000000e+00
4                                      6.0000000000000000e+00
5                                      6.0000000000000000e+00
6                                      1.0000000000000000e+00
7                                      1.0000000000000000e+00
8                                      1.0000000000000000e+00
9                                      1.0000000000000000e+00
10                                     1.0000000000000000e+00
11                                     1.0000000000000000e+00
12                                     6.0000000000000000e+00
13                                     6.0000000000000000e+00
14                                     6.0000000000000000e+00
15                                     6.0000000000000000e+00
16                                     6.0000000000000000e+00
17                                     6.0000000000000000e+00
18                                     1.0000000000000000e+00
19                                     1.0000000000000000e+00
20                                     1.0000000000000000e+00
21                                     1.0000000000000000e+00
22                                     1.0000000000000000e+00
23                                     1.0000000000000000e+00
   &QA [&Type "ArrayOfDoubles", &Dim (24,1)] "Mulliken gross atomic charge"
                                                         0

0                                     -3.7286436633124875e-01
1                                     -3.7261147706685360e-01
2                                     -3.7259650031784552e-01
3                                     -3.7286737633151379e-01
4                                     -3.7261269036453548e-01
5                                     -3.7261194987326896e-01
6                                      3.7237925629680735e-01
7                                      3.7282538707906987e-01
8                                      3.7287420488432854e-01
9                                      3.7234873260162060e-01
10                                     3.7288752952453619e-01
11                                     3.7284931369931074e-01
12                                    -3.7285494127722796e-01
13                                    -3.7260634633583756e-01
14                                    -3.7260235753606885e-01
15                                    -3.7285603192480821e-01
16                                    -3.7261190603996930e-01
17                                    -3.7261204981627571e-01
18                                     3.7236824235277066e-01
19                                     3.7283947578002352e-01
20                                     3.7283162215911347e-01
21                                     3.7237472672393834e-01
22                                     3.7286513190809534e-01
23                                     3.7286437020403529e-01
   &VA [&Type "ArrayOfDoubles", &Dim (24,1)] "Mayer's total valence"
                                                         0

0                                      3.6273755542626045e+00
1                                      3.6268219570185023e+00
2                                      3.6267793237913919e+00
3                                      3.6274069132450357e+00
4                                      3.6267860947364170e+00
5                                      3.6268211510332762e+00
6                                      8.9785942584605238e-01
7                                      8.9720777722466938e-01
8                                      8.9712940889472326e-01
9                                      8.9791667189982005e-01
10                                     8.9712431829872452e-01
11                                     8.9718877360909799e-01
12                                     3.6273506554179900e+00
13                                     3.6267817366555324e+00
14                                     3.6267904354062965e+00
15                                     3.6273540618811833e+00
16                                     3.6268010855793360e+00
17                                     3.6267957511587099e+00
18                                     8.9787291614929443e-01
19                                     8.9718001343852660e-01
20                                     8.9719248967897380e-01
21                                     8.9785951207043690e-01
22                                     8.9715733842230205e-01
23                                     8.9716058803963894e-01
   &BVA [&Type "ArrayOfDoubles", &Dim (24,1)] "Mayer's bonded valence"
                                                         0

0                                      3.6273755542617589e+00
1                                      3.6268219570179498e+00
2                                      3.6267793237914576e+00
3                                      3.6274069132460856e+00
4                                      3.6267860947372874e+00
5                                      3.6268211510337114e+00
6                                      8.9785942584592238e-01
7                                      8.9720777722433742e-01
8                                      8.9712940889477544e-01
9                                      8.9791667189992319e-01
10                                     8.9712431829905126e-01
11                                     8.9718877360924343e-01
12                                     3.6273506554178754e+00
13                                     3.6267817366560031e+00
14                                     3.6267904354068490e+00
15                                     3.6273540618817908e+00
16                                     3.6268010855793023e+00
17                                     3.6267957511596967e+00
18                                     8.9787291614921916e-01
19                                     8.9718001343852383e-01
20                                     8.9719248967903698e-01
21                                     8.9785951207047932e-01
22                                     8.9715733842210965e-01
23                                     8.9716058803975018e-01
   &FA [&Type "ArrayOfDoubles", &Dim (24,1)] "Mayer's free valence"
                                                         0

0                                      0.0000000000000000e+00
1                                      0.0000000000000000e+00
2                                      0.0000000000000000e+00
3                                     -1.0498268920855480e-12
4                                      0.0000000000000000e+00
5                                      0.0000000000000000e+00
6                                      0.0000000000000000e+00
7                                      0.0000000000000000e+00
8                                      0.0000000000000000e+00
9                                      0.0000000000000000e+00
10                                     0.0000000000000000e+00
11                                     0.0000000000000000e+00
12                                     0.0000000000000000e+00
13                                     0.0000000000000000e+00
14                                     0.0000000000000000e+00
15                                     0.0000000000000000e+00
16                                     0.0000000000000000e+00
17                                     0.0000000000000000e+00
18                                     0.0000000000000000e+00
19                                     0.0000000000000000e+00
20                                     0.0000000000000000e+00
21                                     0.0000000000000000e+00
22                                     0.0000000000000000e+00
23                                     0.0000000000000000e+00
   &Method [&Type "String"] "SCF"
   &Level [&Type "String"] "Relaxed density"
   &Mult [&Type "Integer"] 1
   &State [&Type "Integer"] -1
   &Irrep [&Type "Integer"] 0
$End
$SCF_Energy
   &GeometryIndex 1
   &Method [&Type "String"] "SCF"
   &totalEnergy [&Type "ArrayOfDoubles", &Dim (1,1)] "Total energy of each state"
                                                         0

0                                     -4.6155566989755539e+02
   &Mult [&Type "ArrayOfIntegers", &Dim (1,1)] "Multiplicity of each state"
                                                         0

0                                                        1
$End
$SCF_Timings
   &GeometryIndex 1
   &TOTAL [&Type "Double"]       3.0196463399999999e+02
   &PREP [&Type "Double"]       3.2822810000000002e+00
   &FOCK [&Type "Double"]       2.6563351499999999e+02
   &DENS [&Type "Double"]       4.0274900000002845e-01
   &ETOT [&Type "Double"]       1.7145099999995494e-01
   &POP [&Type "Double"]       5.2384400000005371e-01
   &TRAFO [&Type "Double"]       3.3805799999998953e-01
   &DIIS [&Type "Double"]       3.7252999999999759e-01
   &SOSCF [&Type "Double"]       1.4949970000000334e+00
   &J [&Type "Double"]       2.9845067600000004e+02
   &FOCKSTART [&Type "Double"]       1.2096500000002841e-01
   &FROZCORE [&Type "Double"]       4.5253999999999905e-02
$End
