*************************************************
******************* ORCA 6.1.0 ******************
*************************************************
$Calculation_Status
   &GeometryIndex 1
   &version [&Type "String"] "6.1.0"
   &progName [&Type "String"] "ProgMDCI"
   &Status [&Type "String"] "Running"
$End
$Geometry
   &GeometryIndex 1
   &NAtoms [&Type "Integer"] 24
   &NCorelessECP [&Type "Integer"] 0
   &NGhostAtoms [&Type "Integer"] 0
   &CartesianCoordinates [&Type "Coordinates", &Dim(24,4), &Units "Bohr"] 
              C      2.639947409088    0.000000000000   -2.645616587490
              C      1.319973704544    2.286261522651   -2.645616587490
              C     -1.319973704544    2.286261522651   -2.645616587490
              C     -2.639947409088    0.000000000000   -2.645616587490
              C     -1.319973704544   -2.286261522651   -2.645616587490
              C      1.319973704544   -2.286261522651   -2.645616587490
              H      4.699748895062    0.000000000000   -2.645616587490
              H      2.349874447531    4.070101936021   -2.645616587490
              H     -2.349874447531    4.070101936021   -2.645616587490
              H     -4.699748895062    0.000000000000   -2.645616587490
              H     -2.349874447531   -4.070101936021   -2.645616587490
              H      2.349874447531   -4.070101936021   -2.645616587490
              C      2.639947409088    0.000000000000    2.645616587490
              C      1.319973704544    2.286261522651    2.645616587490
              C     -1.319973704544    2.286261522651    2.645616587490
              C     -2.639947409088    0.000000000000    2.645616587490
              C     -1.319973704544   -2.286261522651    2.645616587490
              C      1.319973704544   -2.286261522651    2.645616587490
              H      4.699748895062    0.000000000000    2.645616587490
              H      2.349874447531    4.070101936021    2.645616587490
              H     -2.349874447531    4.070101936021    2.645616587490
              H     -4.699748895062    0.000000000000    2.645616587490
              H     -2.349874447531   -4.070101936021    2.645616587490
              H      2.349874447531   -4.070101936021    2.645616587490
$End
$SCF_Mulliken_Population_Analysis
   &GeometryIndex 1
   &NAtoms [&Type "Integer"] 24
   &ATNO [&Type "ArrayOfIntegers", &Dim (24,1)] 
                                                         0

0                                                        6
1                                                        6
2                                                        6
3                                                        6
4                                                        6
5                                                        6
6                                                        1
7                                                        1
8                                                        1
9                                                        1
10                                                       1
11                                                       1
12                                                       6
13                                                       6
14                                                       6
15                                                       6
16                                                       6
17                                                       6
18                                                       1
19                                                       1
20                                                       1
21                                                       1
22                                                       1
23                                                       1
   &AtomicCharges [&Type "ArrayOfDoubles", &Dim (24,1)] 
                                                         0

0                                     -4.1522387765158708e-01
1                                     -4.1522357475619831e-01
2                                     -4.1522416541320162e-01
3                                     -4.1522411931280345e-01
4                                     -4.1522487212372194e-01
5                                     -4.1522366051054060e-01
6                                      4.1521663217634863e-01
7                                      4.1522684015894296e-01
8                                      4.1522697243628759e-01
9                                      4.1521762481114455e-01
10                                     4.1522815393086465e-01
11                                     4.1522806280155722e-01
12                                    -4.1522387763128421e-01
13                                    -4.1522407432441710e-01
14                                    -4.1522310935042217e-01
15                                    -4.1522311808450230e-01
16                                    -4.1522409133997407e-01
17                                    -4.1522446011419145e-01
18                                     4.1521810524551750e-01
19                                     4.1522631770123553e-01
20                                     4.1522735596891280e-01
21                                     4.1521738404266295e-01
22                                     4.1522696833811423e-01
23                                     4.1522658299846826e-01
   &Method [&Type "String"] "SCF"
   &Level [&Type "String"] "Relaxed density"
   &Mult [&Type "Integer"] 1
   &State [&Type "Integer"] -1
   &Irrep [&Type "Integer"] 0
$End
$SCF_Loewdin_Population_Analysis
   &GeometryIndex 1
   &NAtoms [&Type "Integer"] 24
   &ATNO [&Type "ArrayOfIntegers", &Dim (24,1)] 
                                                         0

0                                                        6
1                                                        6
2                                                        6
3                                                        6
4                                                        6
5                                                        6
6                                                        1
7                                                        1
8                                                        1
9                                                        1
10                                                       1
11                                                       1
12                                                       6
13                                                       6
14                                                       6
15                                                       6
16                                                       6
17                                                       6
18                                                       1
19                                                       1
20                                                       1
21                                                       1
22                                                       1
23                                                       1
   &AtomicCharges [&Type "ArrayOfDoubles", &Dim (24,1)] 
                                                         0

0                                      1.6282096278024483e-01
1                                      1.6282096397493628e-01
2                                      1.6282096147146419e-01
3                                      1.6282096100512433e-01
4                                      1.6282096219888942e-01
5                                      1.6282096253223521e-01
6                                     -1.6282096409665892e-01
7                                     -1.6282096167332916e-01
8                                     -1.6282096154407233e-01
9                                     -1.6282096431017079e-01
10                                    -1.6282096096211585e-01
11                                    -1.6282096125860845e-01
12                                     1.6282096252242262e-01
13                                     1.6282096190277606e-01
14                                     1.6282096410250269e-01
15                                     1.6282096183504358e-01
16                                     1.6282096274224767e-01
17                                     1.6282096178001826e-01
18                                    -1.6282096356612952e-01
19                                    -1.6282096207423202e-01
20                                    -1.6282096192135342e-01
21                                    -1.6282096398488832e-01
22                                    -1.6282096166191029e-01
23                                    -1.6282096179719652e-01
   &Method [&Type "String"] "SCF"
   &Level [&Type "String"] "Relaxed density"
   &Mult [&Type "Integer"] 1
   &State [&Type "Integer"] -1
   &Irrep [&Type "Integer"] 0
$End
$SCF_Mayer_Population_Analysis
   &GeometryIndex 1
   &NAtoms [&Type "Integer"] 24 "Total number of atoms"
   &NBondOrdersPrint [&Type "Integer"] 24 "The number of bond orders larger than threshold"
   &bondThresh [&Type "Double"]       1.0000000000000001e-01  "The threshold for printing"
   &components [&Type "ArrayOfIntegers", &Dim (24,4)] "The indices and atomic numbers of the bonding atoms"
                                                         0                           1                           2                           3

0                                                        0                           6                           1                           6
1                                                        0                           6                           5                           6
2                                                        0                           6                           6                           1
3                                                        1                           6                           2                           6
4                                                        1                           6                           7                           1
5                                                        2                           6                           3                           6
6                                                        2                           6                           8                           1
7                                                        3                           6                           4                           6
8                                                        3                           6                           9                           1
9                                                        4                           6                           5                           6
10                                                       4                           6                          10                           1
11                                                       5                           6                          11                           1
12                                                      12                           6                          13                           6
13                                                      12                           6                          17                           6
14                                                      12                           6                          18                           1
15                                                      13                           6                          14                           6
16                                                      13                           6                          19                           1
17                                                      14                           6                          15                           6
18                                                      14                           6                          20                           1
19                                                      15                           6                          16                           6
20                                                      15                           6                          21                           1
21                                                      16                           6                          17                           6
22                                                      16                           6                          22                           1
23                                                      17                           6                          23                           1
   &BondOrders [&Type "ArrayOfDoubles", &Dim (24,1)] "The bond orders"
                                                         0

0                                      1.2276309141956963e+00
1                                      1.2276307623743961e+00
2                                      8.7571534929028483e-01
3                                      1.2276250423909680e+00
4                                      8.7571023482794541e-01
5                                      1.2276310131064725e+00
6                                      8.7571039550831786e-01
7                                      1.2276319791435368e+00
8                                      8.7571393783279439e-01
9                                      1.2276255271730863e+00
10                                     8.7570864875074361e-01
11                                     8.7570857687800419e-01
12                                     1.2276310473002476e+00
13                                     1.2276311501640353e+00
14                                     8.7571359917837310e-01
15                                     1.2276245368368233e+00
16                                     8.7571179135573030e-01
17                                     1.2276296477190480e+00
18                                     8.7570993043479195e-01
19                                     1.2276306015714726e+00
20                                     8.7571464794513809e-01
21                                     1.2276242549602439e+00
22                                     8.7571026652675010e-01
23                                     8.7571094557797202e-01
   &ATNO [&Type "ArrayOfIntegers", &Dim (24,1)] "Atomic number of the elements"
                                                         0

0                                                        6
1                                                        6
2                                                        6
3                                                        6
4                                                        6
5                                                        6
6                                                        1
7                                                        1
8                                                        1
9                                                        1
10                                                       1
11                                                       1
12                                                       6
13                                                       6
14                                                       6
15                                                       6
16                                                       6
17                                                       6
18                                                       1
19                                                       1
20                                                       1
21                                                       1
22                                                       1
23                                                       1
   &NA [&Type "ArrayOfDoubles", &Dim (24,1)] "Mulliken gross atomic population"
                                                         0

0                                      6.4152238776515791e+00
1                                      6.4152235747561974e+00
2                                      6.4152241654132016e+00
3                                      6.4152241193128017e+00
4                                      6.4152248721237193e+00
5                                      6.4152236605105362e+00
6                                      5.8478336782365092e-01
7                                      5.8477315984105616e-01
8                                      5.8477302756371186e-01
9                                      5.8478237518885545e-01
10                                     5.8477184606913535e-01
11                                     5.8477193719844278e-01
12                                     6.4152238776312798e+00
13                                     6.4152240743244207e+00
14                                     6.4152231093504195e+00
15                                     6.4152231180844970e+00
16                                     6.4152240913399705e+00
17                                     6.4152244601141977e+00
18                                     5.8478189475448206e-01
19                                     5.8477368229876525e-01
20                                     5.8477264403108653e-01
21                                     5.8478261595733749e-01
22                                     5.8477303166188510e-01
23                                     5.8477341700153140e-01
   &ZA [&Type "ArrayOfDoubles", &Dim (24,1)] "Total nuclear charge"
                                                         0

0                                      6.0000000000000000e+00
1                                      6.0000000000000000e+00
2                                      6.0000000000000000e+00
3                                      6.0000000000000000e+00
4                                      6.0000000000000000e+00
5                                      6.0000000000000000e+00
6                                      1.0000000000000000e+00
7                                      1.0000000000000000e+00
8                                      1.0000000000000000e+00
9                                      1.0000000000000000e+00
10                                     1.0000000000000000e+00
11                                     1.0000000000000000e+00
12                                     6.0000000000000000e+00
13                                     6.0000000000000000e+00
14                                     6.0000000000000000e+00
15                                     6.0000000000000000e+00
16                                     6.0000000000000000e+00
17                                     6.0000000000000000e+00
18                                     1.0000000000000000e+00
19                                     1.0000000000000000e+00
20                                     1.0000000000000000e+00
21                                     1.0000000000000000e+00
22                                     1.0000000000000000e+00
23                                     1.0000000000000000e+00
   &QA [&Type "ArrayOfDoubles", &Dim (24,1)] "Mulliken gross atomic charge"
                                                         0

0                                     -4.1522387765157909e-01
1                                     -4.1522357475619742e-01
2                                     -4.1522416541320162e-01
3                                     -4.1522411931280168e-01
4                                     -4.1522487212371928e-01
5                                     -4.1522366051053616e-01
6                                      4.1521663217634908e-01
7                                      4.1522684015894384e-01
8                                      4.1522697243628814e-01
9                                      4.1521762481114455e-01
10                                     4.1522815393086465e-01
11                                     4.1522806280155722e-01
12                                    -4.1522387763127977e-01
13                                    -4.1522407432442066e-01
14                                    -4.1522310935041951e-01
15                                    -4.1522311808449697e-01
16                                    -4.1522409133997051e-01
17                                    -4.1522446011419767e-01
18                                     4.1521810524551794e-01
19                                     4.1522631770123475e-01
20                                     4.1522735596891347e-01
21                                     4.1521738404266251e-01
22                                     4.1522696833811490e-01
23                                     4.1522658299846860e-01
   &VA [&Type "ArrayOfDoubles", &Dim (24,1)] "Mayer's total valence"
                                                         0

0                                      3.4388827273094709e+00
1                                      3.4388858190624614e+00
2                                      3.4388875940281212e+00
3                                      3.4388840516620824e+00
4                                      3.4388854290374811e+00
5                                      3.4388865171890552e+00
6                                      7.6981670137324143e-01
7                                      7.6981491162381344e-01
8                                      7.6981514019102459e-01
9                                      7.6981610284787227e-01
10                                     7.6981384837620415e-01
11                                     7.6981418198839147e-01
12                                     3.4388813120578661e+00
13                                     3.4388862989245377e+00
14                                     3.4388857148220886e+00
15                                     3.4388806459285828e+00
16                                     3.4388859553256363e+00
17                                     3.4388866032983554e+00
18                                     7.6981508274883748e-01
19                                     7.6981557545485535e-01
20                                     7.6981427033717709e-01
21                                     7.6981615733907227e-01
22                                     7.6981480871535879e-01
23                                     7.6981550331157922e-01
   &BVA [&Type "ArrayOfDoubles", &Dim (24,1)] "Mayer's bonded valence"
                                                         0

0                                      3.4388827273101032e+00
1                                      3.4388858190630991e+00
2                                      3.4388875940282251e+00
3                                      3.4388840516618169e+00
4                                      3.4388854290381961e+00
5                                      3.4388865171899035e+00
6                                      7.6981670137328206e-01
7                                      7.6981491162387861e-01
8                                      7.6981514019093367e-01
9                                      7.6981610284803625e-01
10                                     7.6981384837646538e-01
11                                     7.6981418198854601e-01
12                                     3.4388813120569992e+00
13                                     3.4388862989242552e+00
14                                     3.4388857148219119e+00
15                                     3.4388806459288679e+00
16                                     3.4388859553280122e+00
17                                     3.4388866032993697e+00
18                                     7.6981508274861088e-01
19                                     7.6981557545473256e-01
20                                     7.6981427033704830e-01
21                                     7.6981615733898368e-01
22                                     7.6981480871565333e-01
23                                     7.6981550331174675e-01
   &FA [&Type "ArrayOfDoubles", &Dim (24,1)] "Mayer's free valence"
                                                         0

0                                      0.0000000000000000e+00
1                                      0.0000000000000000e+00
2                                      0.0000000000000000e+00
3                                      0.0000000000000000e+00
4                                      0.0000000000000000e+00
5                                      0.0000000000000000e+00
6                                      0.0000000000000000e+00
7                                      0.0000000000000000e+00
8                                      0.0000000000000000e+00
9                                      0.0000000000000000e+00
10                                     0.0000000000000000e+00
11                                     0.0000000000000000e+00
12                                     0.0000000000000000e+00
13                                     0.0000000000000000e+00
14                                     0.0000000000000000e+00
15                                     0.0000000000000000e+00
16                                    -2.3758772726978350e-12
17                                    -1.0142997552975430e-12
18                                     0.0000000000000000e+00
19                                     0.0000000000000000e+00
20                                     0.0000000000000000e+00
21                                     0.0000000000000000e+00
22                                     0.0000000000000000e+00
23                                     0.0000000000000000e+00
   &Method [&Type "String"] "SCF"
   &Level [&Type "String"] "Relaxed density"
   &Mult [&Type "Integer"] 1
   &State [&Type "Integer"] -1
   &Irrep [&Type "Integer"] 0
$End
$SCF_Energy
   &GeometryIndex 1
   &Method [&Type "String"] "SCF"
   &totalEnergy [&Type "ArrayOfDoubles", &Dim (1,1)] "Total energy of each state"
                                                         0

0                                     -4.6148011735894988e+02
   &Mult [&Type "ArrayOfIntegers", &Dim (1,1)] "Multiplicity of each state"
                                                         0

0                                                        1
$End
$SCF_Timings
   &GeometryIndex 1
   &TOTAL [&Type "Double"]       1.5984088700000001e+02
   &PREP [&Type "Double"]       3.3757109999999999e+00
   &FOCK [&Type "Double"]       1.2121528700000002e+02
   &DENS [&Type "Double"]       1.3065600000000188e-01
   &ETOT [&Type "Double"]       5.1713999999989824e-02
   &POP [&Type "Double"]       3.3030800000000227e-01
   &TRAFO [&Type "Double"]       3.3451100000002043e-01
   &DIIS [&Type "Double"]       3.6846199999999385e-01
   &SOSCF [&Type "Double"]       5.6484100000000126e-01
   &J [&Type "Double"]       1.5798299599999999e+02
   &FOCKSTART [&Type "Double"]       5.4631000000002317e-02
   &FROZCORE [&Type "Double"]       2.6441000000005488e-02
$End
